8135
1841
7348
9439
6506
5958
694
5679
7428
4097
825
3184
7911
7629
6761
9645
7617
3132
198
3861
2480
2477
8456
256
9979
1522
9337
1755
1738
4075
998
430
8402
4211
4212
8179
1627
3248
3069
9722
823
3992
9878
3073
5670
1279
7132
9946
3500
7943
2913
8341
4819
4713
6909
6080
7432
6682
3204
5239
3170
6899
5497
7256
7447
1749
9057
722
6518
9000
7397
1814
9155
8238
2978
5511
112
4692
4515
8984
4418
9604
2624
176
5939
3914
1737
6183
2148
2880
5210
6508
1817
8974
832
3573
8307
4511
6234
3126
5080
6164
4643
8903
6207
5057
8632
444
2112
8047
1604
742
724
9066
1671
9260
2047
679
9309
3783
9581
9060
3459
1497
6228
6764
7371
1866
1707
3435
2009
9246
1209
907
1410
3938
9410
3811
3973
2149
8944
8224
5196
9134
2422
5528
6338
4575
9360
7298
4401
9528
1611
7198
6837
2054
3751
7521
5819
5311
4206
6979
5666
814
547
6485
1212
2452
3747
1680
7073
2290
483
1243
3163
7729
7088
4154
8909
7101
2376
4431
2514
8958
2388
2834
2121
9633
1933
6167
6577
4505
3264
1267
8269
5575
1968
3202
5951
5288
8761
3188
9912
557
5500
2994
3995
9299
8629
8642
4594
4245
8214
2737
9273
4622
9515
4111
5926
1230
5803
2398
7453
1204
6744
7805
3206
8991
5487
8910
5175
1241
8525
6978
1089
860
6316
328
703
3710
3693
5014
3016
8554
6973
4738
4553
9347
9094
3716
6784
5230
6198
647
2413
1201
1041
6144
2959
3140
8381
2667
1995
158
4978
6552
9659
1935
8473
9335
4489
64
9594
172
1548
2716
415
9292
659
8021
7064
8074
2553
1856
8882
1918
4262
9611
8609
7211
7361
9500
9345
4370
7833
597
8435
6486
8413
4278
2243
5983
3479
4572
8323
1
8760
4955
8943
7939
4073
2079
2807
482
4271
1236
123
9512
6056
7279
2007
5770
8680
233
7095
451
8585
4253
8951
9387
6033
3749
2630
5261
3750
6391
9005
5560
4801
3574
1037
7175
6858
5260
9656
1514
4730
5588
3840
1855
1846
7588
2707
6938
310
8937
5777
462
1825
9560
291
7567
9563
6736
1466
3179
842
4422
606
2037
8020
1678
3211
3154
7209
2466
2874
4690
510
6172
1908
2871
6247
4466
596
1557
8520
8752
690
7382
9593
5507
7861
2530
4677
6676
5633
8786
3330
7215
2171
9406
2557
2382
3162
6742
4980
4359
3316
8138
9086
6547
6876
5798
4548
304
7541
5636
355
6378
2952
8318
9634
7517
2097
3777
1234
5754
4086
535
5622
6087
8954
6006
8647
6078
1096
3780
7283
936
3092
7295
52
9992
8914
6620
4991
6437
3613
9811
6626
5135
3772
5008
489
8128
2601
4715
2107
7571
4185
2963
2153
7959
4030
9537
2876
4604
6431
2590
9154
8105
7048
6405
1294
1291
7078
4846
4744
6549
4346
5521
6803
7349
5760
7176
7345
1458
4400
8282
2228
8408
8458
8811
5171
8970
3991
3022
2539
4707
6451
5091
132
4039
7987
5352
6596
7954
4534
956
9585
2315
6817
540
6491
4748
8560
1884
4918
6326
5772
1927
7725
5749
6096
8267
1145
7185
9147
8508
8163
7380
9468
3337
9499
4561
241
283
5535
4614
348
4554
6810
6049
6934
221
8626
723
9682
6496
7587
6322
3223
5555
4537
8967
5380
6681
7319
206
7103
7518
917
6161
2501
7787
5060
6136
4717
6710
6294
9887
3305
421
107
4136
3321
6218
2080
8468
3816
1875
3835
1450
6005
1353
8053
6600
2752
1171
6265
3939
1181
2155
1031
8867
6935
1747
2853
3763
4153
6863
7898
5068
1022
9557
6651
5820
321
8377
1722
1723
401
3927
1793
229
8999
369
6251
1314
4459
3354
4356
9226
9755
5991
8611
6015
3616
8930
159
6394
6259
2979
1764
2927
3997
3453
2708
8990
8369
5147
8252
5429
1621
3335
6573
4557
6743
1670
5442
9374
8623
6098
4031
7325
6668
8276
9312
1756
1030
7322
8661
6295
2837
8808
3404
3684
8291
6135
7626
8233
6692
7756
1669
7253
7604
6650
6276
8132
4564
5317
8784
3037
3550
9546
657
3457
2858
2235
693
6621
5724
7418
5066
5822
9020
9770
1531
4209
713
4319
5953
2193
806
2406
5758
1206
5977
4063
7089
9171
8543
2894
507
9004
9863
2572
8512
6327
3650
2360
4996
5452
6868
9567
2911
6227
8848
5339
2184
6347
5827
4859
5690
4911
5430
6937
7895
7130
1444
8565
3099
999
2878
224
8655
4793
7310
5280
9799
2415
9505
6094
4797
2528
7650
5120
9807
2724
8831
866
3842
1330
4931
2373
5025
988
391
3532
2985
3030
621
7703
3225
4259
6606
6002
9022
2330
133
3701
7926
5335
74
4331
147
8987
2261
7750
9072
4613
5964
848
8365
4442
2136
1900
8497
9026
340
509
7062
5061
1665
9426
7675
2687
1576
357
374
3275
4146
5151
2961
5971
5874
5787
2873
263
2761
3770
9801
9760
6962
8633
8117
7792
9485
2347
8763
6532
8926
1691
8199
8228
5642
2617
5801
7021
4392
8311
2026
2285
4298
5748
9995
1673
6835
9412
3620
481
2036
1512
6861
302
8223
5532
4025
7644
9792
7161
1407
4632
2073
6930
8065
2309
2517
787
4372
3766
5667
3874
3419
9530
661
5766
6503
1696
2351
6168
2045
1689
2663
6165
3529
3801
2770
1549
5102
853
5242
4045
105
5337
8880
7704
9465
5826
3349
7662
6360
9366
8674
4004
3575
7908
1961
6059
4415
7929
5517
8254
8173
6554
181
7864
2421
8226
9381
6629
6925
3738
1550
6222
9649
5215
8923
4628
4799
9569
9688
9903
4044
1242
1335
5071
6021
6235
416
5271
5340
4256
8949
3299
2754
3523
8936
4427
153
710
4986
2548
2324
1451
8898
9947
609
4995
170
2064
4533
3605
9156
6273
5936
8134
7182
4685
4218
4625
9601
8714
1202
1331
79
4294
8533
9860
411
1223
9486
8775
4171
4152
1862
1355
7621
5585
2820
5178
5763
4026
9510
2081
6545
7824
2955
7765
8459
3281
5395
1868
9928
3450
5712
6782
3394
6963
3965
5902
7726
1325
9029
7466
8482
9756
3981
4016
6120
6384
2066
7072
1583
4809
1147
8897
6138
7208
611
3158
3315
399
6867
8758
7443
2939
5051
784
712
2475
5072
8243
5245
3568
1532
1867
6403
3142
1926
9542
4182
9691
9327
6296
1060
4896
6929
497
2433
3242
3071
1016
9848
1500
8891
1833
2023
2241
1032
2168
407
5559
757
2432
7061
8266
6635
8031
8608
6696
5839
2114
2767
5033
6889
8296
3109
125
9956
5868
8442
851
7818
1028
2024
8607
7302
252
941
3786
2297
5794
8517
8121
1779
2966
6457
9579
2522
9906
9113
9448
7510
2918
2499
695
1795
66
9689
8046
5328
5996
5464
5172
3025
4023
4042
3120
312
4635
4385
2399
5912
1944
1312
4603
1414
5329
3048
3296
670
1178
3692
2335
5541
5259
8198
3326
5816
5584
2931
3428
7688
5166
3075
284
3837
9835
5436
8603
3430
1116
6622
5659
9232
164
289
7433
9108
5802
3020
2561
3146
4467
7467
5437
1127
7783
5019
6398
1902
8860
3757
865
9318
6468
3812
9142
4051
6342
1649
9695
9384
5995
3739
3061
71
989
2511
4582
3398
7886
7472
1914
7047
1962
2377
794
6811
8563
746
3121
4510
9009
298
3549
8675
8824
2056
950
9561
9042
7554
3256
8640
6195
3265
5498
2289
5441
2275
7979
5586
1819
8628
1342
7502
1373
7242
905
2058
8414
6674
3152
4458
5618
9491
3386
5876
7884
665
1019
5753
404
6332
2328
280
7745
3056
9164
7378
3953
6959
7364
8320
4704
8722
4654
7561
5348
558
5739
2386
759
2094
5289
6557
4461
9455
920
2712
878
5723
2192
8796
3880
9080
515
5901
9609
7163
6694
2350
7403
1433
4732
9076
1081
4933
7639
1423
4310
4825
6424
1260
5472
9994
3217
5142
6727
9030
3803
8686
183
5613
6335
8427
7710
8062
6675
5364
2526
53
9613
7812
1709
5065
4676
4808
1324
262
8574
6429
2222
347
8050
1093
5536
1129
3505
3646
2128
9233
1809
8883
1170
354
864
2563
5155
8864
3601
4840
5363
1040
5970
9896
9600
8832
6170
2093
2430
1830
5082
2210
4473
2464
5037
7114
7099
9218
6281
2429
838
3336
5929
8998
6066
6504
7535
3070
5821
244
4389
6529
1518
423
4243
6143
8157
9358
3312
9890
9556
884
1146
8367
5776
6599
4279
8790
8419
8451
6498
9518
7536
8872
7677
3125
5992
4936
5149
6013
81
7585
3340
2656
3787
7994
410
290
5381
1153
5375
1085
514
1347
8794
9352
1077
2471
4591
7186
9692
8069
3598
9428
8059
65
8109
2797
8678
7576
7930
3384
4750
2860
4128
1364
2798
5756
5343
745
7196
6363
2567
5614
6162
2710
5704
2256
14
1934
178
2857
9721
1692
6292
3489
5462
5368
613
8966
6555
1759
7811
9092
1079
3434
1002
5367
8470
8483
646
9227
4445
2216
4184
219
2496
5833
7300
9622
6244
4763
5695
8476
269
6745
2889
3311
938
9872
6129
4382
6118
9177
2749
3117
2230
8049
1053
5731
1383
2238
2091
7941
9589
2696
7463
2623
539
1628
7679
9703
8055
6258
6854
1647
9166
4432
7798
5780
2515
6519
378
3065
7459
4957
9437
6323
6941
54
4099
4917
4805
1778
897
6953
2251
4163
7663
4116
4267
8711
6584
5743
7804
9258
592
261
6370
9498
1068
1222
5297
1375
2402
836
1996
5308
8399
8976
3594
895
3718
9973
2845
3929
7193
6967
2106
5913
5641
570
5492
9175
5513
3361
5321
6838
7115
9386
5219
7664
2995
3802
335
6704
8800
3512
7312
1268
5032
7423
5671
2203
4598
5275
8573
816
127
8518
9535
8567
1190
5840
4499
9320
8428
5708
5597
4696
776
951
844
7143
8805
403
2138
7746
9521
4634
5301
3511
8025
549
4033
7845
4680
3959
4977
3143
9893
6965
4112
4193
5474
3314
4698
230
1608
6728
4067
1578
9079
7184
1281
8755
991
9098
5628
5018
9817
9195
2975
4543
738
4619
4053
8338
6054
7203
9193
9935
7620
7165
6594
8735
3978
9852
1172
7477
1420
7058
5944
8415
6253
8446
8481
8346
1255
196
7968
5463
9377
7625
2908
2326
3464
9596
7395
8161
9949
6912
6141
2598
1142
8905
4297
1947
9599
6919
6271
9351
3487
9780
1164
6954
476
4216
4762
8584
167
500
565
4994
2436
7425
3651
859
7457
5152
8694
2342
7917
7598
5009
6543
7951
6374
2778
5923
2804
7461
7389
5401
3074
9915
1721
1301
3266
9024
1368
3638
5744
6361
7363
651
7723
5181
5045
9414
2264
1122
1026
8425
2463
100
3901
2618
2694
1634
7274
9778
5354
2896
3181
2633
3642
5522
1508
3832
1473
2150
8416
4899
9283
1459
6166
5114
7563
5105
4070
4658
3728
3871
2705
1653
2442
2924
7097
3432
5316
2781
5333
1239
2039
8558
6442
3270
1183
4734
5460
7997
1666
4970
4176
3686
9481
8337
7096
9907
8093
2400
5121
6417
4463
2780
4314
7087
1815
6286
3920
9151
2538
2163
3039
9670
6751
7665
5806
1596
2277
487
8149
8434
6364
628
1591
7795
9968
7000
645
1125
780
6399
4444
1913
1602
528
945
6083
434
2213
8466
1176
3533
796
8300
9522
2613
7674
4221
7291
3414
9929
8619
7530
8281
7216
4264
6192
3168
3440
2925
2250
7822
7806
9163
2612
4758
2672
3899
7320
580
3551
3494
4789
3593
1073
2420
8770
8086
1594
3173
5192
120
3024
918
714
4120
8379
364
4344
5208
9182
8085
4969
6232
4007
3041
4405
9931
3190
406
6583
4481
9252
8514
7597
3210
2498
130
2826
2314
7696
9114
7442
7692
7411
3964
7592
6995
7372
6284
4865
104
6538
1745
2084
4605
2698
1465
9472
5721
2146
22
2395
5458
821
9478
5202
9842
5212
2574
4325
1676
3454
1440
8840
7241
7859
6772
1849
155
4351
5830
6068
852
7724
8275
1283
6653
8001
6952
5762
23
4961
7420
2545
519
3609
8395
6729
7285
5351
8896
4307
2566
7250
1711
386
958
3599
2768
3956
666
6206
6542
6914
7249
1419
2725
3742
4131
8205
3977
1488
7586
4074
4158
5405
882
622
3793
8211
4919
8861
9944
6660
135
6299
2727
4782
2657
3236
3194
4010
5220
8127
7823
5480
9899
2801
983
5402
2137
7602
21
4013
4494
1786
801
1290
5257
7183
4379
3176
4451
6026
9139
1506
6042
2181
3317
6616
8531
200
108
5880
545
4735
3830
1411
8469
4610
7204
8250
5593
8101
1536
7912
6801
2541
7085
186
2739
4084
9061
5919
1358
6331
8825
7343
2556
467
9199
2416
6819
5881
1874
6997
9453
1761
3758
9545
8330
969
3427
524
5531
6605
5918
8189
3556
7119
8306
6121
5341
5789
7956
3232
6777
4798
720
4900
418
397
8479
6905
5084
6225
5604
3515
3495
8868
5218
809
9329
3267
2271
7311
7287
2505
5377
309
6408
8782
4663
4119
2090
5122
2096
8175
8280
2260
4940
8673
3666
2479
8602
4739
2542
3635
586
2791
5955
5896
1910
316
327
5020
6019
2697
6382
4247
8985
1600
6528
190
9008
8299
8815
3823
6182
4586
4670
1609
4993
9625
4779
8931
7558
7549
4775
6426
9686
5974
4019
1788
9034
1991
9235
8535
2524
1525
7244
2751
8688
1036
3520
3433
5733
9870
7519
5047
5076
3345
8932
7989
5677
1544
9759
3040
4381
7731
6536
8194
7523
7742
5978
1428
4436
6421
6984
9833
1320
8572
191
7278
9445
1015
3592
660
3046
7858
3909
890
3639
6578
1614
8938
3957
7544
6283
4387
8255
3187
778
9830
5264
1363
405
3540
3480
394
1225
7233
367
847
1864
2644
747
9464
6510
4164
9107
2654
1606
7412
4274
7352
7635
9554
8239
2025
3548
384
5898
5720
7122
2383
933
1937
6157
8816
1872
9359
8454
1108
9189
8168
9739
1714
7831
7020
736
8370
491
1008
2255
7255
880
2700
1663
9880
575
7273
3456
649
3784
4952
464
3607
1120
869
6841
4873
7339
2449
4795
4410
3715
9259
4402
2906
1724
4457
2108
8314
927
8506
4430
9837
6061
608
9452
5481
928
8044
1394
7878
1302
1462
1827
6631
2336
6855
3851
1487
56
7947
7633
8521
6187
3504
9037
5388
8253
7390
4544
7166
3437
5201
5529
1869
6117
2600
979
6152
6827
7194
4015
4790
9355
5296
3307
5070
8480
5098
1025
160
8088
4853
1857
2897
6730
5035
5804
9892
2062
2074
4618
3289
5496
7545
5893
2516
4068
2244
9363
4202
3667
7112
2701
5347
7405
8103
8743
6686
2144
9950
9955
7275
2943
9544
7280
3139
3063
6874
3135
600
8659
213
6311
5225
6699
8071
1664
1000
344
4768
4456
3068
1074
2611
5028
6315
2404
5524
644
1620
8293
6628
4559
466
6614
8778
9809
7055
2270
1963
89
8579
741
2905
5973
115
7899
9959
5190
8348
4756
326
3821
1111
5870
2245
6453
1739
8229
9446
3923
2773
6976
6561
3145
3887
4368
532
9378
4546
8672
2124
8158
5611
7225
4631
5036
3928
6776
9217
711
2852
5390
6805
2100
4721
2447
3961
5444
246
7603
4242
3377
4644
8780
8014
3019
5323
218
6082
6928
8677
6269
1071
3274
110
1062
8295
4127
2544
1099
9937
981
7335
7478
8953
1045
5843
5451
8176
3857
6609
6664
8232
9130
9466
2722
1491
2197
9940
9262
504
1006
4523
1547
9619
7670
286
5062
6441
751
1639
7568
5432
9372
3829
1792
5709
9507
2842
1890
5805
9909
7323
4239
2472
8797
9490
8455
5167
4350
8645
6197
1464
1712
4024
1050
9483
231
7988
6771
5088
3945
4108
9388
2888
8871
42
2273
3442
8141
7482
5027
3118
296
4114
7788
2953
8387
841
5226
7092
9429
8183
8123
7271
7736
379
3633
1056
7721
8237
3257
8801
5454
4781
9948
8219
9553
1140
377
2461
8181
9482
9532
46
1863
9571
4439
7490
4123
3944
9219
1057
9230
1376
9879
9041
4137
4057
371
9694
36
9733
4642
6237
2237
5445
6779
1280
9074
1080
9952
6985
3687
242
1520
9268
7294
2967
1173
6071
3093
3244
3463
3255
7735
5322
7082
1537
2666
5914
6272
5779
4290
1959
5346
8329
8889
3708
1472
3845
9989
9674
1328
5064
442
9990
87
6090
4863
5845
1638
4207
6290
3407
4741
1277
7786
1226
9043
8196
5548
9474
7875
3525
7180
2554
6028
7146
419
8878
4358
4005
2294
4475
924
9701
685
185
8030
6312
5111
6575
1448
7873
5357
8090
5980
7030
8542
6724
8032
1012
9071
1404
2174
7809
2118
2877
3045
7222
5023
4194
7514
915
3905
6944
474
680
3185
3768
2604
7499
6490
6948
2392
3103
1013
9806
1674
5440
2110
4832
3662
9715
6467
2606
8463
813
5566
7885
1298
1763
5320
5419
2731
9524
8515
8403
8048
775
41
7040
9974
5162
3641
3717
6636
7577
7711
1675
5127
1768
2965
7059
5263
5687
5137
636
4090
2884
829
5933
5921
3273
7579
1529
1658
4925
9488
3007
2806
4661
502
740
8538
393
7318
5176
4541
5651
4589
772
3719
1896
9643
3105
3325
8035
8193
9713
1637
3023
288
2507
8038
8165
2218
5886
7700
8322
767
380
6969
9204
929
9385
9062
6717
4675
366
7593
4647
4092
7613
6300
8308
3778
5596
7957
1861
485
3902
166
8935
1986
1883
3530
3324
8927
6456
4155
2950
4388
3010
7231
6526
2821
7964
2033
6880
8182
8666
4055
184
4018
8070
9775
5101
5283
3762
3387
3820
4941
3788
3438
4305
1912
5174
953
7580
9401
1888
909
2445
1270
9857
5981
495
9375
9348
1969
8692
9803
1960
516
5508
2677
879
3308
8839
4679
473
8340
8150
8012
114
6886
4979
1088
1871
3799
6856
4336
9707
227
818
9598
548
3782
5221
3421
3748
1938
103
7106
790
6250
4932
4943
409
3661
7385
9618
5250
9531
2454
2169
9750
3229
5300
9271
8886
2991
18
3260
3343
6793
1386
9294
4823
2583
9566
6351
1352
4378
731
4747
3624
4577
5672
985
6256
8177
9710
441
7344
5407
1632
3900
8660
8144
1175
6171
8601
8147
4096
5113
6735
165
6502
655
1165
2699
2523
470
5525
1389
6904
3815
2274
7995
7362
8297
9624
4813
1656
3669
2540
3383
8156
6896
1682
804
4766
4409
715
9059
3262
9828
3743
2215
255
353
4962
2099
3779
3278
8676
6568
7083
8095
4443
8145
57
3560
4516
5378
1224
6797
5185
6489
7017
8248
6226
4497
3399
6822
6975
8929
2134
6264
8126
8027
4898
7910
8539
214
395
7871
6372
9249
8746
4607
8272
7702
1112
2900
9527
3350
1992
9936
277
835
1780
4992
1468
9033
381
1599
6
7495
7609
5700
3542
9754
9089
4831
896
6865
4860
3916
7189
9615
5904
8589
8260
718
6964
9316
7977
1392
3647
2353
2744
9714
9728
6757
6871
6732
9054
1237
4488
6864
6151
282
5145
7358
986
9137
3043
9291
5191
3444
5775
854
7690
5894
702
9126
3060
872
6270
1517
3401
5312
9250
7785
6790
7366
2580
5549
4454
2357
6393
4912
375
5635
9900
9869
1338
4682
447
960
6525
6738
1427
5069
6718
5935
2104
2014
4839
2031
4191
7797
2859
6123
3721
5797
705
868
6695
6848
4354
5925
7623
1319
1811
7709
1483
8795
9261
6239
8771
8100
1837
5828
2448
5211
5660
5956
9608
5213
7540
9680
7207
568
1579
161
9068
8904
9306
6690
6632
8890
7794
5852
117
4646
6359
3798
2291
9660
2709
2212
8881
45
5024
5609
5727
3233
7694
9980
5313
5916
7770
6169
2439
6404
5179
4254
8436
5085
2836
2684
174
1832
9628
216
5538
3402
1266
1701
2224
1106
9920
1232
5372
7919
2981
253
4536
1377
2269
6911
333
3134
4824
3597
7374
7071
1481
2537
5334
4724
86
616
4857
2308
2173
1336
5986
8649
2493
2976
2664
5279
9916
791
7440
5701
9110
2119
3804
4183
9726
271
3724
2140
1139
5846
5501
9962
1303
4113
427
6706
3940
5115
2311
534
8424
3971
8766
9888
6685
2187
2735
1005
422
8710
3627
1455
6133
901
4576
2987
2358
5831
7206
3231
61
4501
3878
9538
898
1540
7638
69
8405
1326
656
4398
3689
626
3474
5248
7950
755
6910
1052
1118
187
4602
9443
1104
8200
5646
7421
9607
6471
1007
2116
402
5090
996
2183
4535
3161
3137
1103
1371
3493
9802
8522
5489
5015
3946
6373
5286
2621
8283
8587
4170
5741
1607
5042
144
3863
4425
4947
6898
6968
7934
8550
2195
5799
6107
6524
7961
9584
8360
677
4960
7306
8067
7642
8259
6153
9552
9746
9705
2992
2784
9159
2883
8695
1999
5044
1086
5849
9084
5222
4723
5180
3366
7094
8397
1207
819
8783
5771
9123
4827
3036
2305
8452
6305
2685
6992
273
6003
3370
1881
8562
6647
587
9436
5514
9898
20
8901
1580
8727
4944
7470
6349
6466
9317
7355
146
1284
5209
5465
5836
1357
3021
5338
9275
6101
6278
6828
392
3680
3546
1154
1619
9017
3282
34
2569
3054
9922
4196
9097
68
5917
2008
6029
3805
3114
3215
3431
7992
1810
3144
8643
9671
4689
7714
8131
3149
7515
3067
8712
8911
9819
4669
1264
6317
3374
1708
602
4089
1430
297
5516
1740
8392
4828
2391
5858
2113
265
7049
4659
4138
8549
7868
8546
4662
2841
7982
7513
7880
4139
6252
8143
3521
7109
6211
5623
1515
6075
7830
817
563
7559
533
2559
1380
8045
5304
7853
2993
9408
1997
5495
968
1585
3376
1169
7727
2374
2248
4177
7417
4231
8553
6521
8526
9781
7027
5205
3892
9823
4282
3668
6020
546
5940
2164
1710
4369
1567
2340
7996
581
2302
3587
1435
6189
9841
1735
9855
8917
3110
6642
4821
3001
4684
9945
9014
5994
7715
2996
5563
5640
2717
1365
203
9804
9978
5860
2805
673
1643
2571
4299
5757
6017
7415
1528
5504
334
975
8644
3960
543
3367
5540
3885
2587
3942
3090
154
4728
3797
2331
7730
4048
1034
9405
7933
2533
4391
5644
843
2971
2928
4987
6658
4520
8019
6236
6611
5661
1889
9202
6420
1860
1185
668
4913
3818
6301
5502
7601
4321
799
9911
4414
1530
5394
4949
3826
8218
5515
5195
3895
8231
697
4803
4753
4366
7429
9789
1821
259
2839
9196
6036
7181
6224
7776
8828
3649
3362
3064
3076
4129
6933
4573
3659
7026
4295
3490
2492
7611
2665
1657
709
4528
1269
3982
5962
7450
7012
6025
287
9245
1017
4733
8111
4587
6531
3833
6657
1457
6030
8731
7336
782
3423
8321
6415
5417
7376
8007
857
8362
8527
3443
7945
7267
5203
8916
4566
4527
6869
698
653
9234
5945
7342
1058
2177
9895
6684
5625
9494
5922
8202
2369
3626
1732
4340
4230
9241
9047
3569
1587
8615
2450
3334
7152
3410
1194
5997
7400
8024
3294
4674
3252
6582
3979
2299
5715
2069
2101
4593
6377
3926
2679
3881
1808
1798
4027
350
7138
2527
6888
1829
2381
3753
5485
2161
992
7643
438
5073
4612
5048
4062
1100
5170
1777
8072
5448
9304
72
3910
9248
3699
5910
3596
7836
8657
8807
9382
2990
2864
7744
122
6188
7357
5332
7239
2520
8104
8837
3566
874
935
7448
7401
7299
1672
5173
3702
7986
4260
3287
5988
5752
9871
737
6190
552
4416
3733
8519
1476
7391
8876
7154
2417
7985
197
5979
5554
1341
6392
2412
6877
1966
5626
9641
1398
793
3688
7889
8087
9796
3207
3097
591
4283
4383
2646
4174
3290
9954
1843
9650
5197
9539
4329
4716
3745
8180
4017
2457
3526
6920
1716
4668
8167
7052
7331
3922
3009
3834
2823
8383
4681
729
555
4876
9578
8217
6095
2513
9875
6285
5461
523
9370
2489
9124
4168
7673
1447
8236
1156
6009
9847
5229
7516
2777
88
4453
9540
2338
4159
1796
6246
4549
1545
6980
2519
4327
24
7760
2087
101
8078
550
6287
9135
3998
4667
9178
9849
7990
4487
7488
5652
3741
2941
1349
9699
1296
8598
7752
6943
7564
987
3883
6802
3475
6775
6890
1586
6416
5374
6328
1446
8507
7497
1659
4102
9011
3026
7235
2233
6534
3011
1654
5315
7044
4843
8040
9576
4373
3000
5130
4701
9368
2332
8718
8325
9590
3695
8873
2914
7434
6407
2401
6193
3989
7717
8116
499
1851
6680
4252
4665
207
7881
5387
7922
129
4109
3087
8581
3907
871
6643
7314
9367
4125
824
4364
6630
5160
9168
8110
8249
3870
1327
6977
3839
7622
9192
5927
1791
5765
717
7839
1844
6961
9254
2306
856
7251
2893
1898
6951
8410
2298
4888
3675
7226
990
681
765
4727
2822
4976
692
1396
6219
5125
4419
1895
3891
6741
1886
2352
9208
6665
732
5680
8637
5237
429
6671
5595
217
2743
1940
7199
4301
9716
4288
3214
1289
777
1820
8715
6298
4569
6494
264
2581
1009
7034
2321
5699
3809
1035
8516
2895
623
5643
1221
8449
7486
17
94
6945
3756
4492
5252
4324
7120
3226
3673
1415
7074
7245
3987
4498
225
8590
7386
5782
4322
7158
3744
6826
9051
285
2202
425
3365
8358
8798
6221
707
662
1095
4437
6558
194
7137
8788
7807
9119
1870
228
4269
3631
7793
3648
414
6716
1641
8437
980
8076
9458
8689
5769
6567
7427
5873
903
3297
5848
8702
669
6769
7141
266
6607
9353
7377
8656
727
2703
4878
7409
5087
5416
9648
7368
2831
9602
4627
1323
4884
7301
5131
3408
5350
2673
5576
3514
6712
2650
1954
9646
8789
2334
7897
2371
3234
370
3208
9315
2167
1751
2359
7892
5654
3656
7113
9373
1915
641
9939
9432
8912
4975
2343
9734
2715
2625
2017
6759
8051
4490
7127
2565
1920
3277
1762
9239
7369
6445
3426
9415
2728
2886
8541
9749
7370
1123
8333
5781
4077
4772
6229
3498
3919
3954
4496
2779
6634
8394
7258
2640
6091
1726
9534
922
9881
786
8284
5987
8687
7649
7197
4726
6780
7315
1416
4332
3491
7548
6214
3955
4434
4838
9497
4447
4945
4214
1432
8730
9149
8879
8709
9104
7221
2595
5790
2003
3218
3622
7778
5725
4406
8102
3089
59
6901
7532
3476
5556
8440
5847
4584
7708
3570
9736
6242
6836
1794
3785
3513
5129
9181
4629
4513
7145
726
6778
6638
1199
8184
8618
4519
521
3477
2736
684
9884
6902
1818
4056
3346
1613
1932
4273
1703
3085
1539
739
6983
8691
2204
9247
773
3439
4255
8139
8568
8934
7900
8925
7537
1463
8084
8206
7759
5133
7153
3492
8162
2117
3389
8242
3862
9597
7190
3469
3980
9209
826
5567
9517
5256
1339
6842
278
6176
5159
3562
6646
8326
6449
9668
6067
8713
2115
3113
1845
3138
3628
9960
8359
275
1107
2678
5890
1343
1001
7528
6483
4241
3604
4999
5290
9280
9023
5795
7100
8981
9620
6957
6147
7938
2758
9687
2182
7043
3418
5391
4866
2370
9866
1766
2236
1989
6341
8701
6279
7562
7834
4671
5094
6215
1687
1501
9747
7257
8551
8838
1033
5370
4493
7984
7720
2405
6024
4915
9508
7849
9158
7057
7210
62
3072
8884
6615
3122
9876
6371
5238
937
2909
49
5824
888
5177
3462
5118
9874
486
5413
3485
4205
1753
2145
9934
2226
177
976
7500
9112
7173
4737
2733
6588
770
2945
6673
4504
6913
1865
4983
5272
4339
973
4478
8552
1305
1401
6990
82
3448
9001
8793
1746
7009
6455
8017
9288
948
9257
8575
4440
1453
4752
846
2711
5603
1018
1256
7927
3029
4107
7029
4811
3652
2899
7187
3091
4916
1976
3761
6379
9077
6926
5148
5344
5817
6748
5
1346
7148
9484
2802
9665
8431
9712
6949
1240
9519
2048
458
3166
5235
5627
140
2799
9580
5561
9644
9440
1533
5999
6307
6432
8679
2200
1661
2467
6149
6625
1322
2143
8028
5157
6159
1271
6994
8739
3406
674
7891
7213
1055
6884
1133
4648
1617
8129
9897
1652
7164
6641
1826
2295
1974
6873
8662
3889
9002
7867
6263
6669
7015
8754
4588
7766
4198
9932
4118
6998
9187
8529
1313
4043
7904
8822
387
7686
1513
3205
1648
360
6390
1438
3221
1773
1715
8136
9290
2932
2085
1813
8037
6436
4151
8097
6389
1784
4954
2227
2549
9295
9765
6517
7441
830
5243
1329
4617
6231
9341
5539
7426
3436
3679
1977
4626
785
1286
8705
3096
4611
5696
5920
6795
1110
3707
9129
1519
5621
4335
6200
6649
6598
2599
8081
6039
9748
3449
1683
2151
8155
7080
6267
6173
7722
8210
412
9738
6603
5096
4930
220
7313
5683
7712
5423
870
8975
8099
8432
1978
6981
2661
3727
2832
1572
699
2015
5156
2647
6988
839
625
3588
8523
5017
7565
6474
4547
3357
8592
4879
6942
6154
7105
6688
2098
4525
7999
4357
8806
3528
6569
1168
2944
5074
2288
7874
2006
7304
9427
5710
4308
9244
8443
3565
9222
3285
9761
8899
5785
1556
4927
5879
7931
5004
9065
3769
7070
4581
1757
3348
7050
7573
7600
6352
2999
4
5684
3849
7841
3286
7581
2407
1713
2868
6924
1262
9681
351
5345
8857
632
7921
5128
8108
914
5030
3368
5505
3972
7436
5412
8398
9132
7260
6293
1897
6148
6592
6814
7799
1469
7525
8115
8486
3590
5039
8762
3253
6974
6070
8301
8532
4833
8907
6860
8010
5600
3342
6659
5292
9800
6210
6204
4110
4885
8820
3612
9170
4902
8160
9506
3790
3691
7699
5649
7810
7149
43
6683
3600
1941
3003
9354
73
1370
7435
9399
9493
8339
2759
9797
4049
9093
1119
1014
5439
7468
6691
5617
2021
3359
7583
3058
9418
2018
6851
2387
26
6092
3393
268
3186
4200
5702
7844
6014
1148
1043
1345
8298
2771
1004
5969
2809
6110
8270
9411
4585
5302
8366
2419
3645
7718
2659
8956
8635
9221
3690
2607
2002
7876
1091
6477
1782
2065
1263
6593
5759
4433
5007
2470
4079
4608
6046
9031
1760
3395
9392
8703
3405
1471
2827
4328
2494
629
967
5965
6339
7142
7970
6069
861
8753
2946
5900
9541
6834
1772
5647
2632
2292
7262
6105
2957
2053
6179
8818
2838
9791
3478
417
9256
2071
3509
7747
6289
4835
9282
7508
2354
9118
3720
1049
4847
9479
2022
2050
317
5899
2937
1718
8906
6074
7652
8765
6346
9206
9322
6798
4595
3936
4909
2438
2348
8830
4091
1197
3115
7616
493
4276
2879
4583
3062
4384
1742
3424
9
8950
5853
8858
9083
8723
5599
2160
8503
4225
4144
9153
6936
8043
9136
9070
9637
6927
3740
8706
8747
4769
2972
735
7952
6230
7782
5138
5146
3254
3934
2844
1124
7556
3582
7200
792
6624
8417
3052
12
965
9039
8039
2437
5376
8257
530
6053
4189
6308
9717
9449
4791
762
7496
5882
4874
3150
4556
8461
881
7162
887
1054
7492
2851
8561
9938
2713
6747
9425
8720
3033
5425
7437
5844
5342
6454
5063
9894
113
3918
7292
5807
5253
4003
899
4760
1750
5791
7406
6387
1911
9667
7383
7618
6726
2364
1356
7054
8406
1195
3484
2380
2345
1274
2547
6060
5163
9376
6459
9547
3536
1970
7716
7347
7140
7796
6535
4065
7090
2934
3836
5875
5589
8850
3541
8595
3913
5998
9383
1161
8684
358
2170
2651
5457
2962
1985
9827
9981
2434
3160
8636
385
964
8290
1939
2028
6970
7757
6709
4742
3660
3198
9236
9836
1797
8467
4712
3932
5359
7069
3897
3413
5293
2828
8993
6701
9985
6366
2268
6562
1681
3962
3280
116
8639
7065
5906
2988
4761
8286
8091
652
1840
9431
6768
8833
7646
4920
9128
6833
1901
2790
4906
5002
7045
3310
8980
7940
6418
3591
1315
6463
192
8960
3080
3304
5954
2662
7465
5503
5509
5602
3111
4514
8077
2185
6016
3807
1566
106
8294
3814
463
2481
2279
3451
2668
7408
5038
6397
2989
3759
4363
3974
8190
6345
2221
3155
8855
8429
8159
6763
2070
5406
8006
5267
9574
7619
5547
3355
6530
4085
9424
1629
2720
2980
2296
1069
5161
4522
3983
1186
4361
396
5123
1160
3446
8106
356
8133
4180
5705
3755
4246
8054
3825
498
4423
7303
5793
5728
2637
4411
4066
5610
7475
7660
2582
4806
7237
505
5011
3792
7394
831
911
3301
7236
599
4903
1317
8209
2803
4426
9843
8699
8769
3711
6492
4606
5126
5862
1885
5119
7396
7277
9287
1135
9330
6048
5907
4121
3471
1667
5823
6786
4822
3102
9331
8368
5856
6277
7037
733
3200
6656
1503
2849
6678
8092
9776
8375
6257
2497
7188
2077
2474
6541
1945
1524
1603
8009
7121
6505
671
8915
9198
6146
2465
7697
8499
9265
5713
5234
3219
6313
9419
6852
614
2576
3948
4166
9846
9783
5164
4020
9661
6737
2760
2361
8420
9606
9639
4452
9698
5353
9174
4597
6843
5764
6846
2486
9442
8261
5510
8371
2772
93
3986
6907
8959
6565
1839
1605
994
8834
9394
5403
9205
9623
542
99
9785
6783
1412
7
9873
6516
1758
9069
1972
7969
8380
9514
7667
1588
2257
4041
4749
7843
1873
8721
8973
8630
6086
4901
916
9289
6715
6523
9447
6799
5675
30
6362
1948
5433
6734
8487
7981
2620
5706
7826
7341
10
436
8749
3581
5895
7608
5043
900
2741
1563
6960
4785
676
9918
815
1668
1505
2675
9342
5928
5959
8041
2000
7676
3195
8540
1876
6375
4703
8317
6947
9052
3222
1936
1265
2375
771
9019
78
6337
240
1706
1644
2521
7655
919
6040
2225
4861
5361
3630
4421
2734
7737
3806
2431
4552
7171
2397
5493
6306
5336
3238
4101
2641
8122
8465
2923
8208
9333
8524
7800
2262
6340
7023
1946
931
6448
2147
1622
5565
4951
658
6433
8773
2714
1348
4353
1244
7689
3694
1128
4720
5648
4953
9143
2508
3507
9492
3279
5103
8352
9782
4054
8052
6753
9243
4855
9666
9340
8982
8207
4349
6509
3676
6585
5676
136
5389
3352
3320
8125
7751
1309
2231
2088
7862
6887
9867
4709
5409
8315
9391
8693
8665
1729
1010
9487
7232
6131
4538
7740
8357
2049
8246
594
3640
8094
9085
3027
7036
8148
2970
7789
4352
3083
1589
9753
3199
4655
1597
332
4403
9777
7894
7243
8484
7227
5669
6804
5281
9991
7438
8289
7928
2125
5106
5717
1554
6447
7309
4852
2655
3461
8580
3420
3873
1569
1502
8227
6892
9203
6422
1180
389
8510
858
4491
9972
3259
2313
3298
4032
9006
1495
299
5327
210
4718
9953
9626
6478
4078
758
3537
2304
5187
664
4287
3013
6955
3655
2866
3545
9404
9302
2189
2875
6500
7416
1332
3795
5269
638
4948
5319
5990
426
5697
3608
4939
5116
4673
3876
1024
7066
7925
7767
6248
9091
2792
4826
9064
3243
6484
9798
9568
4293
8312
4542
7628
8928
6089
3698
2428
7297
7272
2800
5479
9814
9588
9157
4028
2671
8696
6895
2038
4641
9708
8342
3898
7481
9451
3338
5746
2706
8213
7458
5694
6597
886
1823
9100
5420
1700
2103
1402
4038
811
8964
1636
3564
8265
9570
2485
7238
11
3967
7520
1655
3844
1397
2546
2159
1973
3968
862
7229
9040
840
9297
9685
6175
2543
8174
1245
5016
6435
5306
448
631
4881
1498
7032
9144
569
4649
3671
8258
3245
1702
8195
8409
4135
7491
1227
9169
4424
2649
501
2964
3050
175
7974
6065
9190
7445
4624
2688
352
4503
3865
3390
5349
9434
574
3615
5112
6672
6223
5871
8430
5506
349
5800
8776
6184
7769
9224
8821
6194
3482
3153
9882
5373
6409
6499
9116
3412
5415
2409
9473
9629
4088
2246
3230
3990
1403
6202
1694
2205
3943
2922
5686
654
536
6163
6142
8268
3028
8774
4886
2055
4616
3580
4725
6946
5526
7893
2044
9638
4483
8835
7086
9575
2670
2154
8536
4880
7005
7944
9822
4316
2379
5924
4620
1184
7647
1101
2769
9503
1720
6274
6438
2209
1616
6750
8124
2835
3672
1251
4550
9723
4571
7419
4910
7480
1891
1892
760
6832
8302
4656
7734
1949
6288
3263
6752
2930
883
8732
3516
7177
4234
3853
579
4563
1806
3445
7263
3595
4988
6566
9961
601
5557
9564
4313
5309
3730
4729
1922
211
8768
9908
9735
8023
5662
1257
7240
795
5270
3203
7003
5719
6754
7538
3949
315
8033
2133
3380
8382
8225
7763
566
6815
3767
3781
2510
8610
3318
1344
604
6196
4386
6254
5053
9763
2579
5867
6697
8324
8334
8234
1413
4167
7365
1166
9902
2794
7159
9586
6906
8826
6639
5592
595
5438
2190
9632
4334
9223
9313
3791
148
1198
7075
7877
3460
2082
478
9301
3896
7918
9417
5947
8191
8303
3499
2390
5434
6114
8171
2723
2440
3819
1066
8511
7460
6602
6104
6412
8422
6044
828
372
1684
2982
3333
2403
6062
25
2730
9467
8913
798
2280
7661
2267
6482
5663
4567
7825
7261
3180
9642
4035
2035
716
1521
6885
5013
7316
4203
9745
2627
4261
2681
1203
4512
6425
8787
1449
2912
337
3606
362
5993
598
9012
3364
4000
8004
1478
7501
3341
1748
8750
3636
554
1075
3015
4745
8389
5786
1395
7135
8061
4272
4590
1769
330
5466
3227
1964
5484
8164
3712
5422
5726
7259
3670
7329
4691
1143
6473
3415
324
1421
906
6574
8823
3555
6205
6539
98
4719
3547
6430
8336
1679
4258
329
4149
9820
5774
151
9520
667
1904
9696
1733
2483
567
2443
4601
7220
292
1456
7498
6128
3417
5620
8273
3239
9675
2973
6401
5414
3379
3309
8809
1065
2219
9311
7813
3447
6395
4412
4484
9565
8570
3678
281
3371
6470
3866
9007
4187
3789
2525
734
5449
8704
6791
38
3123
2942
95
1282
3452
932
5909
7324
6917
4460
1573
4787
4650
6859
7191
9220
6787
1965
3339
1994
2825
3351
6079
1003
603
5838
9744
9255
3107
9201
822
2862
2795
6931
7340
1193
8887
9115
4133
461
6450
8977
769
7150
2488
4506
2459
672
276
7246
2960
2453
8564
7551
2558
5058
6452
1299
4780
8372
2102
7505
488
8599
4157
1929
7632
9050
1958
4507
6018
1834
9324
4592
7060
3422
7654
1097
6572
1109
162
7212
4688
8653
2881
4235
1480
9165
6720
450
2129
8492
6318
9266
3700
7854
6866
37
9927
2176
6739
8583
1300
2362
9435
4818
6551
4509
4807
4636
9536
5299
9361
6201
3726
3375
325
119
6321
9389
8005
1615
6255
949
3571
6698
1790
3331
4330
2414
7596
6100
3035
2418
719
2325
131
449
4285
9021
7572
4946
1907
2482
961
1020
3481
7393
1800
4238
2738
2810
4502
1452
4263
5619
5258
2372
9741
4529
5241
2188
4365
6213
7683
6645
55
942
2847
1741
3328
1882
6108
2622
3293
6055
4008
6125
279
1231
7025
538
7648
1975
7972
6031
8919
8986
1878
1134
2568
4179
2247
8559
2956
9825
6918
9904
4002
6303
9028
1247
1677
5249
5153
413
85
7630
1842
1774
7179
7359
7509
5943
7658
1651
1504
2808
9543
7172
9758
2076
1159
9422
3773
9731
3930
5427
5544
1287
706
1486
3884
8634
339
9402
3732
1250
9480
5866
7042
9559
7656
6011
7170
4143
9279
8363
9267
6180
4706
910
8875
7479
6537
3584
2890
9314
2032
5698
2811
3356
6825
1775
9795
6514
7668
3852
4814
4871
4891
9977
4820
4705
469
3921
1477
7973
7802
4555
2180
9055
1541
3810
2787
1564
9146
5778
3561
689
5968
8955
5590
3915
2591
3403
9768
6291
4081
8274
4796
9225
6746
2775
2455
8682
4343
517
541
7327
4485
2676
2411
5198
7914
3032
2904
971
5736
5674
9207
5729
5689
8779
8534
16
3047
1690
3291
2830
6619
3888
6655
688
7827
9180
6915
3908
2217
3522
7779
1084
9592
2765
7932
940
7821
7634
9349
7286
4926
6755
2757
8792
6262
3984
2824
455
7144
274
5331
687
9677
3313
2605
2602
6050
8488
2120
9344
8513
6591
3855
2898
3860
1422
6870
3764
2740
4788
248
5199
4872
8843
1577
4958
1990
8528
3619
7801
4268
8310
2702
5307
9016
8624
7469
7084
3193
2408
5265
432
3038
3119
7636
1229
768
4395
5000
1238
3108
2748
6987
6770
560
7264
5972
7775
2123
4710
3617
8154
9228
7566
6122
630
5499
2166
2156
1575
6677
8142
5668
4251
319
5081
6652
7022
2473
2998
7691
1426
8075
9127
5865
7719
2892
2011
9951
2005
8018
305
1311
3167
9229
1405
6550
3657
947
7955
8588
3653
7008
2234
9772
6126
4050
6714
4277
5615
3827
4540
4985
1523
2029
8922
9993
440
9982
7456
6275
9865
8504
3178
7669
33
2327
7289
373
3322
128
3470
323
6570
1693
3731
3894
5236
5188
2891
7906
1354
2819
1445
6320
5418
3817
6604
3472
7803
2594
7828
4842
3042
6623
5001
8478
6700
3396
9501
9861
3213
8817
9850
678
9967
9971
5966
3165
5086
8354
9672
7550
6076
1802
7056
5274
5850
7117
5385
8814
8671
525
4420
3458
8852
4804
2339
4907
7446
8407
258
3051
7761
5054
4997
744
4429
4882
7758
9616
3868
9495
4318
4963
6972
4317
6564
8197
2072
7068
9117
4014
9216
5099
9693
102
6088
5810
3124
6749
2310
7041
4924
7591
3993
2265
6878
7524
9826
8557
4609
2060
8026
1527
1261
1943
3216
2938
9829
465
5247
8089
1765
4296
7533
1998
8717
9120
5056
6497
2349
4908
6845
6043
1189
590
4219
4449
6174
7905
1662
1928
1021
9285
2075
5832
9356
9727
5601
8068
982
2585
9737
8918
6816
5737
506
6881
9013
571
3197
2753
2747
1208
1121
1618
5324
8961
5365
9901
5742
6051
7077
7869
5688
5040
4800
322
1828
8849
1979
8058
728
2518
9475
6982
4047
1631
650
8698
2240
2111
3822
5049
4190
7006
2152
5386
1555
8066
7076
1408
6721
6923
7407
2426
8327
6839
6119
208
8983
4570
1334
5934
9184
4638
3658
4130
4204
2626
9398
3084
8737
5431
9964
4275
8305
6840
3904
4161
4518
8600
1217
1899
9444
9858
2887
4836
3697
2476
752
2162
3347
4845
4393
199
808
2259
1372
9815
9729
3706
376
3685
1374
5530
7167
2208
4034
6137
2812
1552
4802
7305
1799
9905
7855
4468
4083
974
4058
10000
1137
8349
4312
5447
5278
6369
7430
9286
9771
7748
3859
6722
3049
1443
7129
3177
2718
7651
9621
9988
3552
3705
2815
5207
2207
3496
1848
8865
7546
7268
1393
4640
3501
6032
1571
6350
2648
6579
5097
6689
8221
9270
6344
3332
5144
8393
612
7856
559
9653
9976
80
1847
9421
2042
8444
7640
7004
5630
2249
5534
9595
2487
2910
6666
6324
512
5583
1801
8169
9274
7398
3736
8965
4037
5411
7449
8447
3994
6546
1551
3344
9877
1162
8900
2551
8421
1553
9063
3644
4300
4524
6446
708
2532
195
7214
4972
3466
5384
1307
2935
5453
4071
3558
3951
2272
5277
7160
7451
2089
6354
9293
4887
9651
6939
9555
2333
75
6410
6648
3776
9787
2885
4868
139
4848
8505
9238
3754
5183
6022
2061
3854
2690
9186
4249
5732
993
5891
1253
3159
7584
9188
6385
1887
9456
5703
6507
820
9529
445
8137
7659
8015
2323
6813
2848
6132
3228
7755
4165
5542
4637
9502
1278
7614
5366
6310
3241
4348
9663
3752
1493
7653
6358
2424
4774
6208
5303
2915
4700
3563
2046
6041
7484
5079
205
3893
9647
8241
7293
9790
6112
5255
3133
7063
1063
3535
9612
8996
8412
984
5228
420
7224
7354
5143
6610
8941
4651
8638
9334
978
3794
3713
4981
5392
4446
1511
5863
2378
9197
1736
7108
6297
2609
1982
6000
5100
7774
5284
7067
1971
9253
926
6103
8969
6052
453
2451
1409
5362
9702
5379
8957
8940
1429
8707
4474
6158
3271
7645
1333
6613
4087
2165
5204
5897
4337
4708
5655
5214
3858
537
3519
9371
4100
3055
4175
361
2817
2484
8605
1388
4500
9038
2926
5653
5571
8596
1705
3539
930
6115
7464
7672
3796
9732
4227
257
1235
2301
4834
5624
9067
9111
1151
682
4338
6872
3831
1719
3882
7010
7487
2686
1431
2658
7967
1188
9766
556
1561
7126
3629
9709
8803
1957
1228
8972
4303
4103
721
6733
7133
7013
1754
5325
6900
2396
9122
1835
2639
562
3044
8344
457
1640
243
7909
1350
781
7399
7351
8462
3164
8016
6010
179
8256
1163
8500
5083
5092
8741
531
9278
8113
8373
3850
6820
1011
4210
5124
8947
7011
1454
2286
1399
6047
454
4893
9338
3295
544
6818
6882
4683
7913
9548
1390
2691
9420
3077
9933
2303
833
1158
8471
150
9476
8364
4897
1092
9469
4849
624
5681
8036
4990
4306
1582
4134
2384
7046
6586
1132
9407
8130
6796
7762
143
234
8279
7016
9194
6355
1360
9984
3467
1558
7266
9090
6109
7506
4455
3976
270
766
5055
8186
5967
7414
2320
3557
9269
8856
1038
1822
1131
8118
2010
3586
1568
3088
8502
7392
1725
7901
3824
4666
640
4197
5109
2968
1955
5878
6336
7685
245
5059
3411
4580
8285
2059
1642
4526
157
3585
4938
9963
7346
8060
5937
7384
4773
2135
6766
4574
7965
5285
1042
6725
3483
1090
5291
7522
633
7605
4213
2840
8641
9886
8491
2652
4892
4408
3576
1098
6908
3468
8946
8351
7764
1467
1699
6661
6106
9720
8697
4173
3917
1424
4052
5093
3250
4653
2755
9463
7248
1646
7308
7896
5200
1492
5468
877
6618
2034
9891
7219
5141
9509
5889
7590
6667
2030
4984
1179
2867
7706
7195
7920
8332
8893
1807
5591
1191
1744
7228
3935
1292
634
1275
9774
5673
7569
3746
9921
9305
2051
6045
578
2902
2948
3603
7174
8978
1213
6249
4968
9049
9027
1273
9172
9724
849
7816
8240
9010
3611
876
235
573
2191
7923
1437
5632
4531
6999
4914
2813
9140
7882
8968
6707
5903
8385
4959
6130
9393
2608
300
1304
1425
295
2850
9211
5268
1157
527
8034
6134
9400
2746
2
3191
4229
5117
2947
889
1067
1686
1479
8361
5562
4142
494
9831
9058
577
6950
7771
3078
2086
5558
1685
4877
8135
1984
3397
4830
3360
783
6476
2577
6035
642
774
459
5784
9919
4394
6511
5358
6587
9082
6058
6879
5948
6353
7575
1877
4904
2615
9832
9551
5872
9319
1879
8577
4169
1838
8343
4009
8304
9148
3112
1831
4699
2278
6402
8740
320
5227
8537
7102
8080
902
6560
4982
5851
3353
3634
2814
588
3400
9769
1734
1993
2586
9812
4664
124
743
6767
7693
9533
7033
5837
9161
7612
6145
6155
4147
8056
2365
9131
1061
4568
9853
1534
2232
6440
5356
76
8495
7589
5864
5783
6439
4233
8493
3409
1382
9742
4875
750
8544
1916
8378
648
4862
4560
7254
7147
7131
5310
6444
1717
5330
2363
8439
4040
1102
7808
5631
1272
1417
5022
1220
4508
7768
3848
7707
2695
3975
807
3735
6178
8988
134
2266
3292
1590
3524
9310
966
456
756
8418
7543
9998
4376
2316
9583
6084
5829
7902
6633
2843
8262
6314
1785
7754
5711
9046
249
121
5010
306
3531
9095
6381
8902
9454
8663
6481
3212
5854
3677
9053
8079
2786
3127
3503
4195
8288
892
8057
2444
4371
4450
492
2833
6427
9183
943
925
6495
5533
7375
5369
2983
3875
7784
891
5005
496
8571
7971
8979
2460
3224
7728
763
6773
873
3737
7980
1494
6383
2041
2194
6553
4192
2562
4236
331
9925
4942
7471
1893
5424
8119
6356
7081
3385
6268
3502
2745
5570
7118
8708
6177
9767
6400
7079
5718
572
9380
2284
8185
1482
4711
3765
5455
2503
4320
4257
7949
2254
2872
8401
3276
3172
2869
8734
8772
5012
9669
4199
3473
2855
1919
5104
6989
5326
3251
6004
2762
9276
7038
7307
2682
1923
3856
9145
7116
193
1248
2536
6038
1950
7053
4226
6544
8995
3734
6150
6099
2954
7698
8287
6334
885
7367
4905
4407
1730
6809
9350
3182
2252
3258
6812
1546
2535
19
4630
7937
6785
7948
5815
8658
8530
2816
2020
944
7713
800
1562
1439
7851
8192
471
398
8335
2012
8646
7123
6654
9818
9173
845
163
2410
8029
3841
7474
3004
5136
3156
617
96
8627
3618
8791
5572
9326
3589
6304
40
5165
3079
4396
704
2329
5519
5240
4599
963
855
7615
5518
202
1880
7247
4377
1776
368
4660
1083
3175
1150
1698
4220
8847
9617
2027
4956
1308
4810
8631
8426
1378
564
2635
313
7846
1894
8170
2229
686
6806
141
7387
8498
8751
250
6522
2355
272
4465
6533
3813
8472
4188
4082
8859
9430
2142
5883
3559
5360
5650
6386
9416
5639
8654
2319
2368
4973
4844
520
7993
9462
424
2974
2689
4764
2239
5305
8264
9390
4380
3488
8003
7223
6493
5905
3610
2067
972
9859
341
254
1105
7001
9862
2092
3441
9704
9845
618
1787
9603
7998
8263
2367
4333
6520
6612
7842
6487
6922
1650
3933
6670
8989
3425
48
2196
6191
5298
8556
3696
7473
3963
3583
8942
637
6102
1981
4783
5456
810
7835
6527
6330
5182
9640
2157
2366
3486
260
8244
